    1      8.50  2013 11 02 15 32   48.46988  236.68118     5
    3      9.20  2013 11 02 15 32   48.47759  236.58287     1
    4      9.30  2013 11 02 15 32   48.44075  236.66145     1
    5      8.40  2013 11 02 15 32   48.46595  236.66284     1
    6      9.50  2013 11 02 15 32   48.46155  236.59212     1
    7      9.00  2013 11 02 15 32   48.46550  236.67879     1
    8      9.70  2013 11 02 15 32   48.42929  236.65273     1
    9      8.20  2013 11 02 15 32   48.46506  236.69978     1
   10     10.20  2013 11 02 15 32   48.42527  236.59453     1
   11      9.90  2013 11 02 15 32   48.41694  236.62013     1
   12      9.80  2013 11 02 15 32   48.43462  236.61189     1
   13     10.10  2013 11 02 15 32   48.45325  236.57372     1
   14      9.50  2013 11 02 15 32   48.43586  236.68878     1
   15      9.70  2013 11 02 15 32   48.41534  236.65196     1
   16      9.70  2013 11 02 15 32   48.45185  236.60706     1
   17      8.90  2013 11 02 15 32   48.46632  236.55803     1
   18      8.00  2013 11 02 15 32   48.48652  236.67603     1
   19      9.50  2013 11 02 15 32   48.41817  236.68567     1
   20      8.70  2013 11 02 15 32   48.47882  236.63484     1
   21      8.60  2013 11 02 15 32   48.47437  236.61943     1
   22      9.20  2013 11 02 15 32   48.45337  236.64053     1
   24      8.00  2013 11 02 15 32   48.48492  236.68611     1
   25      9.30  2013 11 02 15 32   48.44509  236.67241     1
   26      8.80  2013 11 02 15 32   48.45621  236.66217     1
   27      8.80  2013 11 02 15 32   48.47687  236.60890     1
   28      9.70  2013 11 02 15 32   48.42752  236.67160     1
   29      9.70  2013 11 02 15 32   48.43287  236.64902     1
   31     10.20  2013 11 02 15 32   48.42047  236.51416     3
   32     10.00  2013 11 02 15 32   48.43558  236.51408     3
   33      9.20  2013 11 02 15 32   48.46834  236.64104     1
   34      9.30  2013 11 02 15 32   48.45295  236.52251     3
   36      8.70  2013 11 02 15 32   48.36403  236.44553     3
   37      9.70  2013 11 02 15 32   48.37099  236.25043     3
   39     10.60  2013 11 02 15 32   48.46552  236.49382     3
   40     10.30  2013 11 02 15 32   48.45148  236.49484     3
   41      9.90  2013 11 02 15 32   48.42808  236.63419     2
   42      7.90  2013 11 02 15 32   48.56215  236.53410     2
   50      9.50  2013 11 02 15 32   49.31237  235.73209    23
   55     10.20  2013 11 02 15 32   48.44884  236.51353     3
   56      9.70  2013 11 02 15 32   48.45716  236.45084     3
   57     10.30  2013 11 02 15 32   48.42180  236.50533     3
   58      9.60  2013 11 02 15 32   48.41914  236.51208     3
   59      9.90  2013 11 02 15 32   48.38739  236.28291     3
   60     10.20  2013 11 02 15 32   48.43822  236.60411     1
   61      8.30  2013 11 02 15 32   48.52731  236.63023     4
   62      7.50  2013 11 02 15 32   48.68043  236.54308     4
   63      8.50  2013 11 02 15 32   48.56769  236.59674     4
   64      8.10  2013 11 02 15 32   48.50136  236.63918     4
   66      8.70  2013 11 02 15 32   48.52345  236.56689     4
   67      8.00  2013 11 02 15 32   48.65289  236.59554     4
   68      8.40  2013 11 02 15 32   48.56966  236.54698     4
   70      7.50  2013 11 02 15 32   48.67009  236.57884     4
   71      7.60  2013 11 02 15 32   48.53755  236.49883     5
   72     10.00  2013 11 02 15 32   48.29807  236.46849     5
   73      9.70  2013 11 02 15 32   48.45365  236.57896     1
   75      9.40  2013 11 02 15 32   48.42351  236.65324     1
   76      8.80  2013 11 02 15 32   48.47919  236.66948     1
   77      9.20  2013 11 02 15 32   48.46693  236.60825     1
   78      9.70  2013 11 02 15 32   48.44078  236.63687     1
   79      8.60  2013 11 02 15 32   48.47133  236.69336     1
   80      8.60  2013 11 02 15 32   48.48214  236.67046     1
   81      9.20  2013 11 02 15 32   48.46971  236.65492     1
   82      9.30  2013 11 02 15 32   48.46075  236.60684     1
   84      8.50  2013 11 02 15 32   49.35101  235.52763    21
   85      7.90  2013 11 02 15 32   48.82901  235.94817    10
   86      7.80  2013 11 02 15 32   49.22623  235.97304    20
   88      9.80  2013 11 02 15 32   49.31806  235.69907    21
   89      9.70  2013 11 02 15 32   49.31116  235.67303    21
   91      8.20  2013 11 02 15 32   49.30524  235.57375    21
   92      8.10  2013 11 02 15 32   49.49714  235.65251    21
   93      8.70  2013 11 02 15 32   48.65376  236.37630    14
   94      6.90  2013 11 02 15 32   48.76597  236.73196    40
   95      9.70  2013 11 02 15 32   49.34851  235.59904    21
   96     11.30  2013 11 02 15 32   49.44586  235.30074    21
   97      9.50  2013 11 02 15 32   49.34509  235.55637    21
   98      9.90  2013 11 02 15 32   48.41612  236.67038     1
   99      7.90  2013 11 02 15 32   48.51099  236.53572     5
  100      7.60  2013 11 02 15 32   48.48114  236.48746     5
  101      7.20  2013 11 02 15 32   48.51011  236.47591     5
  103      7.90  2013 11 02 15 32   48.65997  236.42976    10
  104      9.50  2013 11 02 15 32   48.42814  236.47092     3
  105     10.70  2013 11 02 15 32   48.55653  235.60083     3
  106      9.80  2013 11 02 15 32   48.38911  236.30360     3
  107      9.60  2013 11 02 15 32   48.46611  236.50352     3
  108      9.10  2013 11 02 15 32   49.24596  235.19583    23
  109      9.00  2013 11 02 15 32   48.57446  236.55360     4
  110      8.90  2013 11 02 15 32   49.27375  235.80914    21
  111     10.00  2013 11 02 15 32   49.31488  235.68845    21
  112      7.20  2013 11 02 15 32   48.79427  236.82668    40
  113      6.80  2013 11 02 15 32   48.84801  236.71756    40
  114      7.10  2013 11 02 15 32   48.88556  236.66589    40
  117      7.90  2013 11 02 15 32   48.85546  236.49693    40
  119      6.90  2013 11 02 15 32   48.90717  236.46117    40
  120      6.90  2013 11 02 15 32   48.77670  236.55292    40
  121      7.70  2013 11 02 15 32   48.85540  236.49274    40
  123      8.20  2013 11 02 15 32   49.15667  236.03070    23
  124      9.10  2013 11 02 15 32   49.25028  235.92322    20
  125     10.10  2013 11 02 15 32   48.43347  236.67577     5
  126     10.00  2013 11 02 15 32   48.78588  236.30539    10
  127      8.90  2013 11 02 15 32   48.78482  236.28358    10
  128      9.90  2013 11 02 15 32   48.43599  236.53709     3
  129      7.70  2013 11 02 15 32   49.18169  235.99152    23
  131      9.60  2013 11 02 15 32   48.42891  236.69269     5
  132      9.10  2013 11 02 15 32   48.61536  236.36893    14
  133      8.50  2013 11 02 15 32   48.65230  236.34875    10
  134      8.80  2013 11 02 15 32   48.46482  236.62627     5
  136      8.10  2013 11 02 15 32   49.22668  235.95438    20
  137      9.10  2013 11 02 15 32   49.24088  235.96719    20
  138      9.10  2013 11 02 15 32   49.15220  236.06168    20
  139      8.80  2013 11 02 15 32   49.23282  236.03230    20
  140      7.80  2013 11 02 15 32   49.21864  235.98904    20
  141      8.30  2013 11 02 15 32   49.17834  235.98520    20
  142      9.40  2013 11 02 15 32   48.45444  236.56151     5
  143      8.90  2013 11 02 15 32   48.46234  236.69144     5
  145      5.90  2013 11 02 15 32   49.16297  238.05214    50
  160      9.10  2013 11 02 15 32   48.65681  236.35684    14
  162      8.90  2013 11 02 15 32   48.45241  236.67117     5
  163      8.30  2013 11 02 15 32   48.46481  236.68562     5
  165      8.90  2013 11 02 15 32   49.26101  235.19337    60
  166      8.20  2013 11 02 15 32   49.22707  235.20769    60
  167     11.10  2013 11 02 15 32   49.15038  234.09534    60
  168     10.70  2013 11 02 15 32   48.93982  234.45547    60
  169      8.60  2013 11 02 15 32   48.43776  236.46712     5
  174      7.20  2013 11 02 15 32   48.62580  236.57738     4
  176      9.40  2013 11 02 15 32   48.41796  236.68190     5
  177      8.90  2013 11 02 15 32   48.98464  236.17236    20
  179      9.50  2013 11 02 15 32   49.78273  233.94858    70
  180     11.60  2013 11 02 15 32   49.92679  233.34834    70
  181      8.90  2013 11 02 15 32   48.38970  236.47755     5
  182      9.20  2013 11 02 15 32   49.20994  236.04533    23
  183      8.30  2013 11 02 15 32   48.65310  236.44676     5
  184      9.70  2013 11 02 15 32   49.21830  235.19170    23
  187      9.50  2013 11 02 15 32   48.45874  236.58806     5
  188      7.30  2013 11 02 15 32   48.66575  236.58205     4
  189     11.60  2013 11 02 15 32   49.70947  235.08623    30
  190     12.10  2013 11 02 15 32   49.68218  235.00148    30
  191     11.00  2013 11 02 15 32   49.62118  234.96686    30
  192     12.70  2013 11 02 15 32   49.53551  235.18443    30
  193     10.10  2013 11 02 15 32   49.53313  235.33682    30
  194     10.30  2013 11 02 15 32   49.85612  234.88104    30
  195     11.00  2013 11 02 15 32   49.76668  234.97289    30
  196     11.40  2013 11 02 15 32   49.70103  235.04120    30
  197      7.30  2013 11 02 15 32   48.52185  236.57961     5
  199     10.00  2013 11 02 15 32   48.39511  236.69492     5
  200      8.50  2013 11 02 15 32   48.48800  236.67270     5